{
  "1": [
    0.22192475,
    0.00094439,
    -0.97506314,
    0.93488966,
    -0.28429202,
    0.21250589,
    -0.27700199,
    -0.958737,
    -0.06397433
  ],
  "17": [
    -0.92214674,
    -1.468e-05,
    -0.38684019,
    0.37037843,
    -0.28864793,
    -0.88289432,
    -0.11164786,
    -0.95743502,
    0.26618153
  ],
  "30": [
    -0.73933537,
    0.00384136,
    0.67332657,
    -0.64577079,
    -0.28724095,
    -0.70744012,
    0.19068925,
    -0.95785102,
    0.21484842
  ],
  "38": [
    -0.13321266,
    0.00295534,
    0.99108354,
    -0.94996984,
    -0.28542899,
    -0.12683608,
    0.2825095,
    -0.958395,
    0.04083037
  ],
  "57": [
    0.99893446,
    0.00228973,
    0.04609418,
    -0.04348608,
    -0.28778407,
    0.95670773,
    0.01545564,
    -0.95769298,
    -0.2873776
  ],
  "67": [
    0.67842934,
    0.00279339,
    -0.73466113,
    0.70482627,
    -0.28457705,
    0.64979587,
    -0.20725268,
    -0.95864899,
    -0.19503473
  ],
  "76": [
    -0.08734026,
    0.00870877,
    -0.99613994,
    0.89067353,
    -0.44718699,
    -0.08200278,
    -0.4461756,
    -0.894398,
    0.03130103
  ],
  "89": [
    -0.93960187,
    0.00930427,
    -0.34214398,
    0.30132509,
    -0.45162294,
    -0.8397858,
    -0.16233363,
    -0.89216003,
    0.42154226
  ],
  "101": [
    -0.7644198,
    0.01237065,
    0.64460058,
    -0.57978156,
    -0.45048695,
    -0.67890685,
    0.28198501,
    -0.89269703,
    0.35153283
  ],
  "109": [
    -0.1703792,
    0.01190073,
    0.98530685,
    -0.88172252,
    -0.44826399,
    -0.1470527,
    0.43992755,
    -0.89382201,
    0.08686797
  ],
  "127": [
    0.98396954,
    0.01109159,
    0.17799191,
    -0.15398611,
    -0.45060807,
    0.87934092,
    0.08995771,
    -0.89265297,
    -0.44167592
  ],
  "135": [
    0.86824383,
    0.01277014,
    -0.49597331,
    0.44813999,
    -0.44914106,
    0.77294417,
    -0.21289207,
    -0.89336897,
    -0.39568702
  ],
  "142": [
    0.42686335,
    0.01165347,
    -0.90424085,
    0.8112413,
    -0.44677103,
    0.37720311,
    -0.39959358,
    -0.89457198,
    -0.20016423
  ],
  "157": [
    -0.7635939,
    0.01123795,
    -0.64559898,
    0.50871214,
    -0.60530295,
    -0.61222474,
    -0.3976638,
    -0.79591603,
    0.4564892
  ],
  "168": [
    -0.96639459,
    0.01393928,
    0.25668365,
    -0.21222861,
    -0.60669594,
    -0.7660809,
    0.14504971,
    -0.79481204,
    0.58926563
  ],
  "176": [
    -0.57415108,
    0.01549084,
    0.81860319,
    -0.65719336,
    -0.60502397,
    -0.44949266,
    0.48831106,
    -0.79605703,
    0.35755525
  ],
  "181": [
    -0.17402488,
    0.01476883,
    0.98463011,
    -0.78620715,
    -0.60415699,
    -0.12989369,
    0.59295312,
    -0.79672801,
    0.11675
  ],
  "197": [
    0.93912387,
    0.01379417,
    0.34330202,
    -0.26527865,
    -0.60587206,
    0.75003057,
    0.21834303,
    -0.79544296,
    -0.56532942
  ],
  "212": [
    0.57520117,
    0.01533646,
    -0.8178687,
    0.65799847,
    -0.60267603,
    0.45146419,
    -0.4859859,
    -0.79783797,
    -0.35675157
  ],
  "220": [
    -0.0675598,
    0.01460088,
    -0.99760817,
    0.67802002,
    -0.732858,
    -0.05664314,
    -0.73193251,
    -0.680225,
    0.03961242
  ],
  "230": [
    -0.80741018,
    0.01412464,
    -0.58982043,
    0.39142704,
    -0.73518496,
    -0.55343257,
    -0.44144431,
    -0.67771904,
    0.58806749
  ],
  "236": [
    -0.99422578,
    0.01541851,
    -0.10619587,
    0.06060734,
    -0.73598995,
    -0.67427443,
    -0.08855562,
    -0.67681706,
    0.73080565
  ],
  "246": [
    -0.71932998,
    0.01740245,
    0.69445026,
    -0.47955309,
    -0.73570296,
    -0.47829824,
    0.50258535,
    -0.67708004,
    0.53755923
  ],
  "252": [
    -0.27486127,
    0.01755493,
    0.96132365,
    -0.65566065,
    -0.73472099,
    -0.17404934,
    0.70324982,
    -0.67814202,
    0.21345656
  ],
  "267": [
    0.85738718,
    0.01601536,
    0.51442341,
    -0.33842371,
    -0.73550104,
    0.58694744,
    0.38775846,
    -0.67733395,
    -0.62518867
  ],
  "273": [
    0.99969246,
    0.0173811,
    0.01768646,
    0.00079546,
    -0.73535305,
    0.67768416,
    0.02478478,
    -0.67746094,
    -0.73514063
  ],
  "283": [
    0.65682233,
    0.01787536,
    -0.75383384,
    0.52110711,
    -0.73333403,
    0.43665639,
    -0.54500633,
    -0.67963396,
    -0.49098527
  ],
  "292": [
    -0.07365004,
    0.01909688,
    -0.99710132,
    0.53809102,
    -0.841034,
    -0.05585365,
    -0.8396627,
    -0.540645,
    0.05166662
  ],
  "308": [
    -0.99466665,
    0.01977101,
    -0.10122929,
    0.03779407,
    -0.84332896,
    -0.53606716,
    -0.0959676,
    -0.53703406,
    0.83808367
  ],
  "314": [
    -0.91109673,
    0.02089277,
    0.41166287,
    -0.23735308,
    -0.84310996,
    -0.48252241,
    0.33699658,
    -0.53733406,
    0.7731137
  ],
  "323": [
    -0.3519006,
    0.02160633,
    0.93578797,
    -0.51095913,
    -0.84207799,
    -0.17270217,
    0.7842746,
    -0.53892302,
    0.30736764
  ],
  "337": [
    0.75911301,
    0.02077385,
    0.65062694,
    -0.33752274,
    -0.84208103,
    0.42068797,
    0.55662035,
    -0.53895095,
    -0.63222277
  ],
  "347": [
    0.98669655,
    0.02234461,
    -0.16102803,
    0.10533403,
    -0.84234404,
    0.5285474,
    -0.12383053,
    -0.53847694,
    -0.83349119
  ],
  "356": [
    0.58342119,
    0.02157476,
    -0.81188351,
    0.45017483,
    -0.84062302,
    0.30115819,
    -0.67598986,
    -0.54119196,
    -0.50014888
  ],
  "364": [
    -0.03179362,
    0.02227718,
    -0.99924636,
    0.38437486,
    -0.922594,
    -0.03279779,
    -0.92262911,
    -0.385128,
    0.02076986
  ],
  "375": [
    -0.83755369,
    0.02205954,
    -0.54590986,
    0.19204141,
    -0.92353997,
    -0.33195526,
    -0.5114924,
    -0.38286806,
    0.76927779
  ],
  "384": [
    -0.97822398,
    0.02239758,
    0.20634043,
    -0.09915674,
    -0.92380197,
    -0.36980735,
    0.18233594,
    -0.38221407,
    0.90590606
  ],
  "394": [
    -0.46980178,
    0.02421383,
    0.88243984,
    -0.34874484,
    -0.92340199,
    -0.1603302,
    0.8109646,
    -0.38307003,
    0.44225993
  ],
  "396": [
    -0.30938674,
    0.02411433,
    0.95063096,
    -0.37122196,
    -0.92342299,
    -0.09739164,
    0.87548485,
    -0.38302702,
    0.29464629
  ],
  "402": [
    0.20854952,
    0.02392563,
    0.97771906,
    -0.37030168,
    -0.92334101,
    0.10158134,
    0.90519837,
    -0.38323499,
    -0.18370223
  ],
  "418": [
    0.99910995,
    0.0244753,
    -0.03436868,
    0.03577849,
    -0.92319903,
    0.38265332,
    -0.02236368,
    -0.38354193,
    -0.92325229
  ],
  "425": [
    0.79921803,
    0.02459455,
    -0.60053816,
    0.24888921,
    -0.92301302,
    0.29342948,
    -0.54708686,
    -0.38398194,
    -0.74381046
  ],
  "434": [
    0.14448841,
    0.02464337,
    -0.98919918,
    0.21947506,
    -0.975587,
    0.00775363,
    -0.96485968,
    -0.21822499,
    -0.14636959
  ],
  "442": [
    -0.52558031,
    0.02423506,
    -0.85039889,
    0.1723797,
    -0.97582599,
    -0.1343476,
    -0.83309644,
    -0.21720204,
    0.5086968
  ],
  "455": [
    -0.99276572,
    0.02440819,
    0.1175629,
    -0.04901644,
    -0.97620398,
    -0.21124265,
    0.10960952,
    -0.21547707,
    0.97033797
  ],
  "464": [
    -0.61825068,
    0.02521724,
    0.78557602,
    -0.18402253,
    -0.97634899,
    -0.11348498,
    0.76413433,
    -0.21472505,
    0.60826891
  ],
  "474": [
    0.20510369,
    0.02649653,
    0.97838133,
    -0.20555951,
    -0.97617201,
    0.06952935,
    0.95691008,
    -0.21537599,
    -0.19477022
  ],
  "482": [
    0.78745912,
    0.02596025,
    0.61581969,
    -0.11290008,
    -0.97613401,
    0.18551698,
    0.60593842,
    -0.21561294,
    -0.76573478
  ],
  "488": [
    0.98944363,
    0.02667239,
    0.14244255,
    -0.00487954,
    -0.97622702,
    0.21669387,
    0.1448364,
    -0.21510193,
    -0.96579179
  ],
  "493": [
    0.95693526,
    0.02629912,
    -0.28910951,
    0.08703763,
    -0.97606502,
    0.19930078,
    -0.27694775,
    -0.21588193,
    -0.93632008
  ]
}